image_width: 640
image_height: 480
camera_name: rgb_PS1080_PrimeSense
camera_matrix:
  rows: 3
  cols: 3
  data: [528.1310796184374, 0, 328.4009529649563, 0, 529.0843166560907, 237.6252091970212, 0, 0, 1]
distortion_model: plumb_bob
distortion_coefficients:
  rows: 1
  cols: 5
  data: [0.04539574025652105, -0.08660384414899368, 0.002620314442141086, -5.073664894275031e-06, 0]
rectification_matrix:
  rows: 3
  cols: 3
  data: [1, 0, 0, 0, 1, 0, 0, 0, 1]
projection_matrix:
  rows: 3
  cols: 4
  data: [530.138916015625, 0, 328.0071366944176, 0, 0, 531.1882934570312, 238.054001449249, 0, 0, 0, 1, 0]